version https://git-lfs.github.com/spec/v1
oid sha256:857650701e31ee9d3c0f9eaa4c7a8a5b98bf48b741d42652ab4618c9070965be
size 457224858
