version https://git-lfs.github.com/spec/v1
oid sha256:46f0e1fc71ecf320228496e273f34cebcf198cc6bcead863d11f6f370d3f03ef
size 3154895
